           A     B     C     D     E     F     G     H     I     J     K     L     M     N     O     P     Q     R     S     T     U     V     W     X     Y     Z
     A   750     2     2     3     3     1     1     3     0     0     1     0     2     1     7     3    14     0     0     1     1     0     0     1     0     4
     B     2   779     0     1     1     0     3     5     0     0     0     3     0     1     2     0     0     1     0     0     0     0     0     0     0     2
     C     0     0   763     2    17     0     0     0     0     0     0     6     0     0     2     0     1     4     1     1     3     0     0     0     0     0
     D     4     4     0   750     0     0     1     2     0     0     0     0     0     2    30     3     1     0     1     2     0     0     0     0     0     0
     E     4     2    14     0   769     0     0     0     1     0     1     2     0     0     0     2     0     1     2     1     1     0     0     0     0     0
     F     0     0     0     2     3   766     1     0     1     0     0     0     0     0     0     5     1     4     2    13     0     0     0     1     0     1
     G    14    12     4     2     0     0   646     1     0     2     0     0     0     1     0     1   105     1    10     0     0     0     0     0     1     0
     H     2     4     0     0     0     0     0   759     0     0     6     8     2    13     0     0     1     0     0     0     2     0     1     2     0     0
     I     0     0     1     1     1     0     0     1   587     7     1   196     1     0     0     0     1     1     0     0     0     1     0     0     0     1
     J     0     1     0     8     0     6     5     0    26   731     0     2     0     0     0     0     1     0     7     8     0     1     0     0     4     0
     K     0     2     0     0     1     1     0     5     0     0   773     2     0     0     0     0     0     2     0     6     1     0     0     7     0     0
     L     0     1     2     0     1     1     2     6   166     1     1   618     0     0     0     0     0     0     0     0     0     0     0     0     1     0
     M     1     0     0     0     0     0     0     6     0     0     0     0   783     6     0     0     0     1     0     0     2     0     1     0     0     0
     N     6     0     0     1     0     0     0    13     0     0     4     0    17   738     1     1     0     4     0     2     2     2     8     1     0     0
     O     2     0     1     9     0     0     0     0     0     0     0     0     0     1   784     0     1     0     0     0     2     0     0     0     0     0
     P     1     1     0     5     1     2     0     0     1     0     0     0     0     0     1   786     1     0     0     1     0     0     0     0     0     0
     Q    22     4     1     0     2     2    69     0     1     0     0     1     0     1     6     1   685     0     1     0     1     0     1     0     1     1
     R     5     0     1     0     0     1     0     0     2     0     2     1     1     1     0     2     0   762     1     3     0     7     0     1     7     3
     S     2     0     0     1     0     1     4     1     0     4     0     0     0     1     0     0     0     0   786     0     0     0     0     0     0     0
     T     1     1     0     2     1     1     0     0     0     0     2     0     0     0     1     0     0     2     0   783     0     0     0     3     1     2
     U     1     0     1     1     0     0     0     0     0     3     1     1     0     2     5     0     1     1     1     0   749    27     4     0     2     0
     V     1     0     0     1     0     0     0     0     0     1     0     1     0     2     0     0     0    10     0     0    27   743     1     1    12     0
     W     0     0     0     0     0     0     0     3     0     0     1     0     4    12     0     0     0     0     0     0     3     3   774     0     0     0
     X     1     0     0     1     0     0     1     2     0     0    13     0     0     2     0     1     0     1     0     1     0     2     0   767     6     2
     Y     0     1     0     2     0     0     1     4     0     4     0     1     0     1     0     0     2     7     0     2     0     5     0     7   763     0
     Z     2     1     0     0     3     1     4     0     3     1     0     0     0     0     0     0     1     0     0     2     0     0     0     0     1   781
